0 1 147
2 3 1418
1 4 173
1 5 2148
1 6 3004
1 7 2321
1 8 1077
1 9 8977
1 10 105
1 11 2459
12 13 683
14 15 76
14 16 5169
14 17 1430
15 18 4468
15 19 8807
20 21 9132
20 22 191
23 24 526
25 26 977
27 28 39
8 20 2563
8 16 1011
8 28 700
8 24 2104
8 26 3089
21 31 3823
13 32 1226
13 33 95
17 35 1685
17 20 7745
17 18 1504
17 28 3358
17 24 3644
17 25 1176
17 26 857
17 29 805
17 36 1347
11 24 2434
11 38 702
11 17 924
33 39 652
33 40 369
6 7 2186
6 28 4838
6 25 2438
6 8 3216
6 17 3732
6 34 239
6 11 3454
39 42 39
16 24 347
16 29 601
16 17 4984
31 45 104
31 46 154
31 37 1015
31 47 1206
32 48 343
32 44 572
32 42 1029
48 49 1294
7 13 15655
38 43 439
9 15 4539
9 20 1246
9 31 4400
9 30 59
9 17 11148
9 19 9076
5 32 9669
5 8 1184
5 7 559
18 23 1834
40 48 906
40 49 431
24 38 2204
24 31 7673
24 45 1203
24 50 4
3 9 19546
19 41 12209
19 20 16585
19 51 3021
